# Points for a Growth model following Wells and Scott, 1999. Fig.7
# Females age/weight
X Y
0.994610691698  76.0500807754
0.996673628697  77.8675282714
0.971047366867  80.2907915994
1.00240400925  82.915993538
0.983883419304  91.5993537964
1.49718798766  93.8206785137
1.47224937149  96.8497576737
1.53358736492  100.888529887
2.00705432768  93.0129240711
2.02305355018  82.1082390953
2.0150310174  75.0403877221
2.01090514341  71.4054927302
2.5066059827  83.1179321486
3.01945212061  84.9353796446
3.00826641777  100.080775444
3.02064403976  110.98546042
3.0515422517  113.206785137
2.54763550745  119.264943457
2.26890979739  123.707592892
2.75131615381  123.707592892
3.51290665073  119.668820679
3.99668829847  120.880452342
4.02093926897  117.245557351
4.00397734253  102.302100162
4.0309788957  101.090468498
4.03537982796  129.967689822
5.048923697  122.899838449
6.02721426489  109.773828756
6.02308839089  106.138933764
6.98945976723  82.5121163166
7.03323987465  121.082390953
5.82312103114  129.967689822
3.05021280341  137.035541195
4.0420270694  135.823909532
3.74019646495  144.911147011
4.05692605884  148.949919225
3.27039694575  156.017770598
4.2732135424  164.499192246
4.53933241525  148.949919225
4.74232541593  152.786752827
5.05194933793  150.56542811
5.04874032483  147.738287561
4.55418556164  137.035541195
5.04094700727  140.872374798
5.00615213656  135.2180937
5.03549168499  161.066235864
5.5220239154  164.701130856
5.52867115684  170.557350565
5.50464940156  174.394184168
6.06375117129  191.962843296
7.077982686  185.500807754
6.03762063597  168.94184168
6.19871309406  160.864297254
6.45410469451  160.864297254
6.74589567223  167.932148627
7.00472550102  170.961227787
7.45852579771  170.759289176
7.05231058112  162.88368336
7.5301326331  158.844911147
8.01735250917  163.085621971
6.02978147538  137.035541195
6.02840618404  135.823909532
6.0238218796  131.785137318
7.01724065214  131.987075929
7.02228338703  136.429725363
7.08064158258  137.843295638
8.05806113262  148.949919225
8.02189097057  142.084006462
8.04774644762  139.862681745
7.98938825208  138.44911147
8.5854395156  213.570274637
9.55139830454  214.57996769
8.56939445006  199.43457189
9.07559334652  195.395799677
8.5480774344  180.654281099
9.02337811893  174.394184168
11.0567005111  190.751211632
13.0801208056  173.384491115
14.0861464153  184.693053312
9.03158402388  156.62358643
17.0289489657  102.302100162
15.6130406958  204.886914378
17.0962007119  211.55088853
17.6012535322  206.502423263
17.1073864147  196.40549273
16.5833087309  184.693053312
17.0563172632  176.413570275
18.0481315292  175.201938611
18.0618385995  162.277867528
18.0611967969  186.712439418
18.5447492294  187.722132472
18.5699170608  184.894991922
19.5676909225  188.933764136
19.0914733771  194.386106624
20.0940607585  202.665589661
20.5874694456  212.358642973
21.0789985679  195.395799677
21.0783109222  194.789983845
23.0201305977  230.533117932
23.5388446453  187.520193861
24.5379937984  192.770597738
24.5640784906  190.751211632
24.0031429991  171.567043619
25.0634009304  180.654281099
25.5174304423  180.654281099
26.0586534248  182.471728595
26.0794661669  175.807754443
26.0641545901  187.31825525
25.5433317624  203.473344103
26.5671903165  205.49273021
27.1077256532  206.704361874
26.073369042  220.436187399
28.58336741  231.744749596
28.063186385  223.465266559
27.0667419715  195.597738288
28.0608483897  196.40549273
28.0521382113  188.731825525
28.0667621424  176.615508885
28.0273829673  166.922455574
29.060226758  201.857835218
29.0792057784  193.578352181
29.0464738447  189.741518578
30.0632725699  210.541195477
32.0373199056  224.676898223
32.0404830757  202.46365105
32.0622126787  196.607431341
31.0317068832  188.731825525
31.0589376516  187.722132472
31.0309733945  163.085621971
30.0666649552  188.529886914
34.5603376982  222.455573506
35.0395350415  219.628432956
36.0748085136  206.704361874
37.5595271932  189.741518578
36.0269483752  189.539579968
37.0645139995  178.634894992
37.0610757712  175.605815832
40.0882753663  192.568659128
40.1104633998  187.11631664
42.6033164692  208.319870759
43.6340514799  216.397415186
44.6128463213  228.715670436
45.1293599027  233.764135703
43.0765542167  200.242326333
41.0882955373  173.586429725
44.1338323502  206.704361874
45.6407849063  209.329563813
46.6090358474  212.358642973
47.0914422038  212.358642973
47.5772867886  215.387722132
46.1151687299  202.261712439
47.1305463207  196.809369952