# Points for a Growth model following Wells and Scott, 1999. Fig.6
# Males age/weight
X Y
0.957307153753  62.3022982647
0.965365100984  86.9783802974
1.9832219725  63.2762738579
1.99758814128  72.9844886818
2.01404937634  84.1084848343
2.02751765957  93.2099362317
1.51319039916  111.02801449
2.01731860064  105.548495259
2.01522353436  104.13271393
2.01342776327  102.919187077
2.52262096015  120.093205124
3.03632660748  121.08582911
3.00457829539  118.862065901
3.01447805913  106.321252398
4.03470626941  103.452392957
4.01463046945  109.116554293
5.06900135327  110.089493864
4.043362807  128.532983941
4.06132051797  140.668252471
5.03393777147  124.856142619
7.03877806525  95.0501411522
6.58285941092  113.877419744
8.01496383824  100.880296201
9.0019242378  113.991612368
7.02735880289  125.794893472
6.03857960953  130.685261646
5.56200958758  135.556981429
6.04576269391  135.539369058
6.56276058826  138.756792274
7.04352074277  136.716635149
5.06925460304  148.722170728
5.07464191634  152.362751287
7.05818620673  146.627104448
7.03272309348  148.650685225
7.54463296971  148.429782357
7.57608198662  150.45129109
7.46824362996  154.500524687
8.03137902788  150.434714742
7.0743481466  157.548846125
7.02910852858  165.438842713
7.54580712774  168.454011453
9.5772846928  156.648658306
11.0839596661  155.582476774
11.065380342  162.257910487
11.5482355628  161.63353469
12.0652334571  164.850957906
12.5456943165  162.608546305
13.0519175842  158.544808403
17.1172440531  155.767349106
12.0526400368  175.571481129
12.0274762187  177.797316381
10.0681978608  180.700364542
9.04767035536  183.366969507
9.08360880002  188.422295373
11.0665545  182.282139583
11.55629351  186.309616723
10.8541700337  192.605406008
10.0400180682  200.118866233
11.5664695463  193.18626889
12.0780801273  192.763111546
12.5705127939  198.610878965
13.0842184413  199.603502951
11.0695244292  203.519895532
11.0868835498  215.250655111
12.0741662672  209.349014559
12.0909267975  220.675265187
12.1082859181  232.406024766
12.5833364414  245.7382438
13.1165192983  240.662197499
13.5634360745  234.982495836
13.1030510151  231.560746101
13.5778252659  225.475499466
13.0821003523  217.402932817
13.1057676944  214.165825187
14.0906560504  206.646148831
14.5489460435  208.652117237
14.5782999942  209.257844642
15.1135779174  205.597579669
14.104722924  216.152109179
14.1065186951  217.365636032
14.6019443136  225.235948206
14.6055358558  227.663001912
14.6058121283  247.080467582
15.1234316357  231.487188555
15.6359401023  231.670794638
15.5814223336  233.290902485
16.0675698014  234.891325919
16.1205910942  232.259945694
16.1316880386  220.528150093
16.6663673715  216.463376169
16.5981050471  189.56456695
17.0578915161  192.581807734
18.6077110411  182.209848285
17.1549322235  200.466624213
18.1089471302  210.545159269
24.0538243248  247.1410173
20.1346920414  233.327393475
20.1002500726  229.283339987
21.0731435986  232.888695805
19.0974270284  205.452536619
20.1269333893  208.853565918
20.0939878965  205.820784807
22.0490761218  200.08617399
22.0673561507  193.208485801
22.0640639037  190.983686571
22.0754601433  179.454145445
12.5596460765  268.190562624
13.0709573624  267.565150806
14.1010623137  271.370689056
16.6534286105  265.412067306
18.1301510428  263.335649418
18.1199750065  256.458997251
19.1156379891  256.220482013
21.1270167315  269.294501395
22.0918292876  267.438986375
25.080015416  267.532458563
28.0696980204  268.637203128
29.1049140125  256.665856267
29.0968330426  251.204985429
31.081551491  265.493567686
34.0376669894  282.376233384
34.0385878977  263.767785616
35.5800271576  247.732700854
36.0583929506  244.074507924
36.585267586  253.966328831
37.5560660457  256.155903321
38.0313928415  288.905588025
38.0472785089  280.409864033
32.0619964646  216.509651809
35.0654696701  207.702891053