No	DAY_YR	LAT	QUARTER	YEAR	SEXO	EST_LENGTH	Blue_whiting	hake	hake_SQR	scad	Hake_R	Hake_SSB	BLW_R	BLW_SSB	Sar_SSB	Sar_R	Sardine
1	217	42.85	3	2007	1	215	420	3	1.732050808	0	159.2	14700	4505	5390440	521000	1859	0
2	258	43.1281	3	2006	2	180	81	10	3.16227766	0	99.5	12400	9610	6479670	544280	1568	0
3	230	42.56	3	2007	1	191	219	14	3.741657387	0	159.2	14700	4505	5390440	521000	1859	0
4	10	42.675	1	2008	1	199	81	6	2.449489743	4	120.7	15100	3903	4180920	379990	2534	0
5	175	43.1281	2	2007	1	217	47	1	1	1	159.2	14700	4505	5390440	521000	1859	0
6	225	42.5681	3	2007	2	203	110	3	1.732050808	0	159.2	14700	4505	5390440	521000	1859	0
7	183	42.5706	3	2007	1	194	0	0	0	23	159.2	14700	4505	5390440	521000	1859	11
8	146	42.3283	2	2008	1	159	0	1	1	1	120.7	15100	3903	4180920	379990	2534	12
10	274	42.5472	4	2007	1	202	194	37	6.08276253	0	159.2	14700	4505	5390440	521000	1859	0
11	274	42.5472	4	2007	1	182	90	31	5.567764363	0	159.2	14700	4505	5390440	521000	1859	0
12	349	43.3236	4	2005	1	177	36	0	0	30	127.4	10900	27783	6541080	345270	4958	4
13	281	42.2703	4	2006	1	189	376	0	0	0	99.5	12400	9610	6479670	544280	1568	0
14	349	42.12	4	2004	2	160	0	0	0	0	78.9	10400	44454	6988560	427990	11289	55
15	230	42.56	3	2007	1	202	175	12	3.464101615	0	159.2	14700	4505	5390440	521000	1859	0
16	89	42.1197	1	2007	2	134	0	0	0	0	159.2	14700	4505	5390440	521000	1859	0
17	299	43.1478	4	2005	1	223	108	0	0	0	127.4	10900	27783	6541080	345270	4958	0
19	290	42.6114	4	2004	1	NA	0	0	0	0	78.9	10400	44454	6988560	427990	11289	16
20	330	42.37	4	2004	2	162	0	0	0	0	78.9	10400	44454	6988560	427990	11289	5
21	96	42.9683	2	2007	1	174	11	0	0	0	159.2	14700	4505	5390440	521000	1859	0
22	87	42.4783	1	2008	2	185	32	0	0	0	120.7	15100	3903	4180920	379990	2534	0
24	205	42.7978	3	2007	1	213	28	10	3.16227766	0	159.2	14700	4505	5390440	521000	1859	0
25	105	41.9058	2	2006	1	NA	0	0	0	1	99.5	12400	9610	6479670	544280	1568	8
26	178	42.1861	2	2007	2	174	235	4	2	0	159.2	14700	4505	5390440	521000	1859	0
27	185	42.56	3	2007	1	194	352	10	3.16227766	1	159.2	14700	4505	5390440	521000	1859	0
28	230	42.56	3	2007	1	207	212	11	3.31662479	0	159.2	14700	4505	5390440	521000	1859	0
29	215	42.85	3	2007	1	185	373	5	2.236067977	0	159.2	14700	4505	5390440	521000	1859	0
30	129	42.2881	2	2006	1	172	5	8	2.828427125	0	99.5	12400	9610	6479670	544280	1568	12
31	185	42.9862	3	2007	1	197	234	18	4.242640687	0	159.2	14700	4505	5390440	521000	1859	0
33	96	42.7675	2	2007	NA	NA	43	4	2	5	159.2	14700	4505	5390440	521000	1859	10
34	93	42.3283	2	2005	1	176	12	0	0	0	127.4	10900	27783	6541080	345270	4958	24
35	230	42.56	3	2007	1	187	263	11	3.31662479	0	159.2	14700	4505	5390440	521000	1859	0
36	225	42.56	3	2007	1	213	489	17	4.123105626	0	159.2	14700	4505	5390440	521000	1859	0
37	38	42.1333	1	2007	1	163	0	0	0	0	159.2	14700	4505	5390440	521000	1859	15
38	281	42.2703	4	2006	2	166	172	9	3	0	99.5	12400	9610	6479670	544280	1568	0
39	17	42.5717	1	2007	1	175	9	5	2.236067977	0	159.2	14700	4505	5390440	521000	1859	0
40	356	42.4492	4	2005	2	172	0	0	0	0	127.4	10900	27783	6541080	345270	4958	9
41	355	43.3589	4	2004	2	148	0	0	0	0	78.9	10400	44454	6988560	427990	11289	5
42	62	42.4583	1	2006	1	NA	3	14	3.741657387	3	99.5	12400	9610	6479670	544280	1568	0
43	14	42.3975	1	2005	1	160	0	0	0	2	127.4	10900	27783	6541080	345270	4958	25
44	61	42.2589	1	2005	2	163	0	0	0	0	127.4	10900	27783	6541080	345270	4958	0
45	281	42.2703	4	2006	1	215	358	0	0	2	99.5	12400	9610	6479670	544280	1568	0
46	205	42.7978	3	2007	2	189	24	1	1	0	159.2	14700	4505	5390440	521000	1859	0
47	165	42.3236	2	2007	2	204	14	0	0	7	159.2	14700	4505	5390440	521000	1859	0
48	205	42.7978	3	2007	1	226	24	5	2.236067977	0	159.2	14700	4505	5390440	521000	1859	0
49	294	42.5297	4	2004	1	182	11	0	0	0	78.9	10400	44454	6988560	427990	11289	0
50	281	42.2703	4	2006	2	186	333	8	2.828427125	0	99.5	12400	9610	6479670	544280	1568	0
51	261	43.1281	3	2006	1	226	11	1	1	0	99.5	12400	9610	6479670	544280	1568	0
52	279	42.1333	4	2004	1	190	0	0	0	0	78.9	10400	44454	6988560	427990	11289	7
53	67	42.1197	1	2005	2	144	0	0	0	0	127.4	10900	27783	6541080	345270	4958	0
54	267	42.9108	3	2004	1	215	0	0	0	0	78.9	10400	44454	6988560	427990	11289	1
55	68	42.3389	1	2005	1	174	0	0	0	0	127.4	10900	27783	6541080	345270	4958	0
56	17	42.56	1	2008	2	159	7	21	4.582575695	0	120.7	15100	3903	4180920	379990	2534	0
57	120	42.5688	2	2006	1	217	151	7	2.645751311	0	99.5	12400	9610	6479670	544280	1568	0
58	321	42.56	4	2007	2	177	0	11	3.31662479	0	159.2	14700	4505	5390440	521000	1859	0
59	281	42.2703	4	2006	1	188	385	8	2.828427125	0	99.5	12400	9610	6479670	544280	1568	0
60	57	43.3111	1	2008	2	NA	0	6	2.449489743	1	120.7	15100	3903	4180920	379990	2534	1
61	46	43.2922	1	2005	2	212	4	27	5.196152423	0	127.4	10900	27783	6541080	345270	4958	0
62	78	42.4006	1	2005	1	NA	0	0	0	0	127.4	10900	27783	6541080	345270	4958	13
63	5	42.5297	1	2005	1	204	27	5	2.236067977	0	127.4	10900	27783	6541080	345270	4958	0
64	281	42.2703	4	2006	1	189	164	1	1	0	99.5	12400	9610	6479670	544280	1568	0
65	38	42.2792	1	2005	1	182	0	0	0	0	127.4	10900	27783	6541080	345270	4958	0
66	37	42.4803	1	2008	2	167	1	0	0	6	120.7	15100	3903	4180920	379990	2534	17
67	15	42.2478	1	2008	2	191	0	0	0	0	120.7	15100	3903	4180920	379990	2534	0
68	114	42.4781	2	2008	1	NA	0	0	0	0	120.7	15100	3903	4180920	379990	2534	0
69	261	43.1281	3	2006	1	187	69	13	3.605551275	0	99.5	12400	9610	6479670	544280	1568	0
71	152	42.3267	2	2008	1	166	0	0	0	0	120.7	15100	3903	4180920	379990	2534	0
72	244	42.5658	3	2007	1	137	0	0	0	0	159.2	14700	4505	5390440	521000	1859	0
73	37	43.2936	1	2008	2	NA	0	0	0	2	120.7	15100	3903	4180920	379990	2534	0
74	17	42.2594	1	2005	1	185	0	0	0	12	127.4	10900	27783	6541080	345270	4958	10
75	54	43.7703	1	2008	2	192	0	0	0	0	120.7	15100	3903	4180920	379990	2534	2
76	259	43.1281	3	2006	2	186	1	7	2.645751311	3	99.5	12400	9610	6479670	544280	1568	0
77	289	42.2578	4	2004	2	180	0	0	0	0	78.9	10400	44454	6988560	427990	11289	6
78	139	42.3322	2	2006	1	206	0	2	1.414213562	0	99.5	12400	9610	6479670	544280	1568	10
79	35	42.2428	1	2008	1	NA	3	2	1.414213562	2	120.7	15100	3903	4180920	379990	2534	9
80	50	42.9069	1	2008	2	178	0	0	0	2	120.7	15100	3903	4180920	379990	2534	13
81	8	42.455	1	2008	2	200	167	1	1	0	120.7	15100	3903	4180920	379990	2534	0
82	37	42.4833	1	2008	2	197	0	0	0	0	120.7	15100	3903	4180920	379990	2534	2
83	5	42.8017	1	2006	2	201	0	0	0	0	99.5	12400	9610	6479670	544280	1568	0
84	50	42.2233	1	2007	1	170	3	0	0	2	159.2	14700	4505	5390440	521000	1859	0
85	91	42.0039	2	2008	1	212	33	1	1	1	120.7	15100	3903	4180920	379990	2534	0
86	100	42.4042	2	2008	1	NA	0	0	0	0	120.7	15100	3903	4180920	379990	2534	1
87	46	42.4764	1	2007	1	192	21	7	2.645751311	0	159.2	14700	4505	5390440	521000	1859	0
88	46	43.3583	1	2007	1	198	0	7	2.645751311	0	159.2	14700	4505	5390440	521000	1859	0
89	333	42.6106	4	2006	1	NA	0	0	0	0	99.5	12400	9610	6479670	544280	1568	0
90	324	42.4447	4	2006	1	195	0	0	0	0	99.5	12400	9610	6479670	544280	1568	1
91	10	42.2594	1	2005	2	193	0	0	0	1	127.4	10900	27783	6541080	345270	4958	32
92	158	42.395	2	2008	2	172	5	0	0	0	120.7	15100	3903	4180920	379990	2534	8
93	40	43.3603	1	2005	1	195	5	0	0	0	127.4	10900	27783	6541080	345270	4958	0
94	26	43.7575	1	2008	2	196	0	0	0	0	120.7	15100	3903	4180920	379990	2534	0
95	139	42.4492	2	2008	1	149.5	0	0	0	0	120.7	15100	3903	4180920	379990	2534	0
DD1	71	42.4972	1	1991	2	210	0	0	0	0	69.6	16000	8634	1979350	378280	12550	9
DD10	316	42.1556	4	1992	2	174	0	0	0	0	51.2	15200	5703	2646350	493130	10368	1
DD100	319	42.1556	4	1994	1	159	6	0	0	2	117.4	9200	5778	2494720	552230	4540	0
DD101	137	42.1333	2	1993	NA	220	21	0	0	4	61.5	12800	5387	2570610	547970	4630	3
DD102	43	42.075	1	1994	1	165	0	0	0	20	117.4	9200	5778	2494720	552230	4540	0
DD103	90	42.4333	2	1994	1	153	0	0	0	0	117.4	9200	5778	2494720	552230	4540	4
DD104	124	42.9667	2	1993	2	178	4	0	0	1	61.5	12800	5387	2570610	547970	4630	11
DD105	348	42.7675	4	1993	1	178	0	0	0	37	61.5	12800	5387	2570610	547970	4630	0
DD106	107	42.575	2	1993	1	162	0	0	0	0	61.5	12800	5387	2570610	547970	4630	12
DD107	0	42.5167	1	1994	2	190	0	0	0	89	117.4	9200	5778	2494720	552230	4540	0
DD108	29	42.5844	1	1994	NA	200	0	0	0	7	117.4	9200	5778	2494720	552230	4540	1
DD109	72	42.5833	1	1993	2	160	0	0	0	1	61.5	12800	5387	2570610	547970	4630	5
DD11	360	42.5264	4	1992	1	186	4	0	0	0	51.2	15200	5703	2646350	493130	10368	3
DD110	90	42.9417	1	1993	2	137	0	0	0	0	61.5	12800	5387	2570610	547970	4630	0
DD111	91	42.3333	2	1993	1	203	0	0	0	0	61.5	12800	5387	2570610	547970	4630	0
DD112	99	42.7972	2	1993	2	215	0	1	1	3	61.5	12800	5387	2570610	547970	4630	31
DD113	134	42.2278	2	1993	1	200	0	0	0	3	61.5	12800	5387	2570610	547970	4630	2
DD114	137	42.25	2	1993	1	190	0	2	1.414213562	5	61.5	12800	5387	2570610	547970	4630	0
DD115	152	43.3806	2	1993	1	189	0	0	0	15	61.5	12800	5387	2570610	547970	4630	31
DD116	159	43.275	2	1993	1	141	8	0	0	0	61.5	12800	5387	2570610	547970	4630	0
DD117	159	43.2667	2	1993	2	194	76	0	0	1	61.5	12800	5387	2570610	547970	4630	0
DD118	167	42.4667	2	1993	NA	165	0	0	0	1	61.5	12800	5387	2570610	547970	4630	0
DD119	211	42.1472	3	1993	2	162	0	0	0	2	61.5	12800	5387	2570610	547970	4630	9
DD12	333	42.7097	4	1992	1	NA	149	3	1.732050808	0	51.2	15200	5703	2646350	493130	10368	0
DD120	244	42.2428	3	1993	2	200	0	0	0	19	61.5	12800	5387	2570610	547970	4630	0
DD122	327	42.5833	4	1993	1	212	3	0	0	26	61.5	12800	5387	2570610	547970	4630	3
DD123	49	43.15	1	1994	1	152	0	0	0	0	117.4	9200	5778	2494720	552230	4540	0
DD124	65	42.5944	1	1994	1	197	0	2	1.414213562	2	117.4	9200	5778	2494720	552230	4540	0
DD125	79	43.3319	1	1994	1	197	0	0	0	0	117.4	9200	5778	2494720	552230	4540	2
DD126	81	43.15	1	1994	2	187	3	0	0	0	117.4	9200	5778	2494720	552230	4540	0
DD127	90	42.2667	1	1994	1	168	0	0	0	0	117.4	9200	5778	2494720	552230	4540	0
DD128	106	42.6944	2	1994	1	180	7	1	1	2	117.4	9200	5778	2494720	552230	4540	0
DD129	94	42.3528	2	1994	2	138	0	0	0	0	117.4	9200	5778	2494720	552230	4540	3
DD13	334	42.075	4	1992	1	170	0	0	0	0	51.2	15200	5703	2646350	493130	10368	26
DD131	112	42.5167	2	1994	2	162	0	0	0	0	117.4	9200	5778	2494720	552230	4540	1
DD133	113	42.1944	2	1994	1	170	0	0	0	1	117.4	9200	5778	2494720	552230	4540	4
DD134	129	42.575	2	1994	1	184	0	0	0	1	117.4	9200	5778	2494720	552230	4540	1
DD135	172	42.9339	2	1994	1	221	165	0	0	4	117.4	9200	5778	2494720	552230	4540	0
DD136	257	42.9139	3	1994	1	176	132	0	0	0	117.4	9200	5778	2494720	552230	4540	0
DD137	278	42.9833	4	1994	2	185	208	0	0	0	117.4	9200	5778	2494720	552230	4540	1
DD138	292	42.4667	4	1994	NA	198	3	3	1.732050808	2	117.4	9200	5778	2494720	552230	4540	5
DD139	304	42.3969	4	1994	1	230	50	1	1	0	117.4	9200	5778	2494720	552230	4540	32
DD14	30	42.8889	1	1993	NA	190	51	1	1	0	61.5	12800	5387	2570610	547970	4630	20
DD140	307	42.7917	4	1994	1	170	0	0	0	0	117.4	9200	5778	2494720	552230	4540	0
DD15	334	42.2	4	1992	1	NA	0	0	0	0	51.2	15200	5703	2646350	493130	10368	26
DD16	320	42.7533	4	1992	NA	NA	0	0	0	0	51.2	15200	5703	2646350	493130	10368	2
DD17	337	42.7533	4	1992	1	211	0	0	0	1	51.2	15200	5703	2646350	493130	10368	0
DD18	39	42.6417	1	1991	1	169	0	0	0	0	69.6	16000	8634	1979350	378280	12550	24
DD19	289	43.15	4	1991	1	156	113	19	4.358898944	0	69.6	16000	8634	1979350	378280	12550	0
DD2	45	42.6278	1	1992	1	179	0	0	0	0	51.2	15200	5703	2646350	493130	10368	0
DD20	330	42.6278	4	1991	2	NA	1	0	0	0	69.6	16000	8634	1979350	378280	12550	14
DD21	322	42.575	4	1991	1	190	115	0	0	0	69.6	16000	8634	1979350	378280	12550	19
DD22	322	42.575	4	1991	1	208	86	0	0	1	69.6	16000	8634	1979350	378280	12550	0
DD23	93	41.9544	2	1992	2	182	0	0	0	0	51.2	15200	5703	2646350	493130	10368	34
DD24	324	42.6278	4	1992	1	194	8	0	0	0	51.2	15200	5703	2646350	493130	10368	9
DD25	274	42.3528	4	1992	1	170	0	0	0	1	51.2	15200	5703	2646350	493130	10368	26
DD26	9	42.5167	1	1993	2	192	175	4	2	0	61.5	12800	5387	2570610	547970	4630	0
DD27	342	42.9278	4	1992	1	196	122	0	0	0	51.2	15200	5703	2646350	493130	10368	0
DD28	342	42.9417	4	1992	1	190	18	0	0	1	51.2	15200	5703	2646350	493130	10368	0
DD3	47	42.4731	1	1991	1	167	0	0	0	0	69.6	16000	8634	1979350	378280	12550	3
DD301	336	42.5167	4	1994	1	180	0	0	0	0	117.4	9200	5778	2494720	552230	4540	18
DD302	42	42.5489	1	1995	1	178	0	0	0	0	50.3	7600	8286	2314540	604710	3841	7
DD303	21	42.2625	1	1995	1	180	3	0	0	1	50.3	7600	8286	2314540	604710	3841	1
DD304	48	42.49	1	1995	NA	NA	0	0	0	0	50.3	7600	8286	2314540	604710	3841	0
DD305	94	42.4006	2	1995	1	183	5	4	2	14	50.3	7600	8286	2314540	604710	3841	33
DD306	139	42.575	2	1995	1	216	0	0	0	0	50.3	7600	8286	2314540	604710	3841	5
DD307	112	42.9417	2	1995	1	146	0	4	2	0	50.3	7600	8286	2314540	604710	3841	43
DD308	56	43.3417	1	1995	2	146	0	0	0	0	50.3	7600	8286	2314540	604710	3841	0
DD310	20	42.575	1	1995	1	214	18	17	4.123105626	46	50.3	7600	8286	2314540	604710	3841	4
DD311	18	42.7583	1	1995	2	200	24	0	0	0	50.3	7600	8286	2314540	604710	3841	0
DD312	104	43.1875	2	1995	1	188	1	4	2	3	50.3	7600	8286	2314540	604710	3841	9
DD313	153	43.2639	2	1995	1	180	677	0	0	58	50.3	7600	8286	2314540	604710	3841	2
DD314	40	42.6278	1	1995	2	175	3	0	0	0	50.3	7600	8286	2314540	604710	3841	44
DD315	60	42.9292	1	1995	2	180	1	1	1	2	50.3	7600	8286	2314540	604710	3841	45
DD316	307	43.2639	4	1994	1	203	120	0	0	0	117.4	9200	5778	2494720	552230	4540	0
DD317	20	42.8333	1	1995	1	197	64	1	1	0	50.3	7600	8286	2314540	604710	3841	0
DD318	40	42.7167	1	1995	1	179	23	0	0	0	50.3	7600	8286	2314540	604710	3841	0
DD319	66	43.3167	1	1995	1	172	103	2	1.414213562	0	50.3	7600	8286	2314540	604710	3841	0
DD320	139	42.6056	2	1995	2	163	0	1	1	0	50.3	7600	8286	2314540	604710	3841	17
DD321	43	42.74	1	1995	2	178	26	1	1	0	50.3	7600	8286	2314540	604710	3841	0
DD322	40	42.6278	1	1995	2	150	0	0	0	0	50.3	7600	8286	2314540	604710	3841	0
DD323	120	43.2958	2	1995	1	168	0	0	0	20	50.3	7600	8286	2314540	604710	3841	0
DD324	140	43.0472	2	1995	1	170	5	1	1	13	50.3	7600	8286	2314540	604710	3841	25
DD325	40	42.9139	1	1995	NA	180	18	0	0	6	50.3	7600	8286	2314540	604710	3841	17
DD326	67	42.7097	1	1995	1	172	0	0	0	2	50.3	7600	8286	2314540	604710	3841	24
DD4	78	42.4583	1	1991	2	173	5	0	0	0	69.6	16000	8634	1979350	378280	12550	1
DD5	53	42.575	1	1991	NA	148	43	1	1	1	69.6	16000	8634	1979350	378280	12550	0
DD501	57	42.4006	1	1996	2	NA	0	2	1.414213562	4	105.4	9000	23784	2162070	409570	4868	2
DD502	132	42.2667	2	1995	1	NA	0	0	0	1	50.3	7600	8286	2314540	604710	3841	2
DD503	54	42.5	1	1996	2	198	4	1	1	4	105.4	9000	23784	2162070	409570	4868	3
DD505	63	42.3528	1	1996	2	170	41	0	0	0	105.4	9000	23784	2162070	409570	4868	68
DD506	144	42.5	2	1995	1	189	0	0	0	0	50.3	7600	8286	2314540	604710	3841	9
DD507	319	42.575	4	1995	1	179	0	0	0	1	50.3	7600	8286	2314540	604710	3841	2
DD508	121	42.3	2	1995	1	240	629	1	1	8	50.3	7600	8286	2314540	604710	3841	0
DD509	355	42.4333	4	1995	1	208	1	0	0	1	50.3	7600	8286	2314540	604710	3841	4
DD510	352	41.9103	4	1997	1	205	10	0	0	0	76.1	6900	45663	2243640	362750	3797	0
DD511	73	42.6417	1	1996	2	NA	105	0	0	0	105.4	9000	23784	2162070	409570	4868	0
DD512	61	42.575	1	1996	NA	NA	18	0	0	0	105.4	9000	23784	2162070	409570	4868	0
DD513	218	42.2167	3	1996	1	200	0	0	0	0	105.4	9000	23784	2162070	409570	4868	3
DD514	135	43.2922	2	1996	2	NA	0	0	0	0	105.4	9000	23784	2162070	409570	4868	3
DD515	235	42.5722	3	1996	NA	220	22	0	0	0	105.4	9000	23784	2162070	409570	4868	0
DD516	285	42.525	4	1996	1	202	22	0	0	0	105.4	9000	23784	2162070	409570	4868	0
DD517	38	42	1	1997	2	184	0	0	0	0	76.1	6900	45663	2243640	362750	3797	0
DD518	30	42.4528	1	1997	2	202	0	0	0	0	76.1	6900	45663	2243640	362750	3797	1
DD519	94	43.0056	2	1996	1	222	67	8	2.828427125	0	105.4	9000	23784	2162070	409570	4868	0
DD520	73	42.6417	1	1996	1	208	30	0	0	0	105.4	9000	23784	2162070	409570	4868	31
DD521	298	42.9056	4	1995	1	215	8	0	0	3	50.3	7600	8286	2314540	604710	3841	1
DD522	189	42.5833	3	1995	2	183	0	1	1	2	50.3	7600	8286	2314540	604710	3841	0
DD523	348	42.4333	4	1996	1	170	0	0	0	0	105.4	9000	23784	2162070	409570	4868	0
DD524	191	42.6139	3	1996	1	214	0	0	0	0	105.4	9000	23784	2162070	409570	4868	0
DD525	336	43.3	4	1996	NA	207	29	4	2	0	105.4	9000	23784	2162070	409570	4868	0
DD527	258	42.6389	3	1996	1	NA	35	0	0	0	105.4	9000	23784	2162070	409570	4868	0
DD528	156	42.5633	2	1996	1	NA	233	0	0	0	105.4	9000	23784	2162070	409570	4868	0
DD529	84	42.6114	1	1996	1	155	16	0	0	0	105.4	9000	23784	2162070	409570	4868	0
DD530	235	42.5722	3	1996	2	198	160	0	0	0	105.4	9000	23784	2162070	409570	4868	0
DD531	270	43.1083	4	1996	2	186	85	0	0	0	105.4	9000	23784	2162070	409570	4868	0
DD532	232	42.5667	3	1996	2	188	102	0	0	0	105.4	9000	23784	2162070	409570	4868	0
DD533	133	42.1225	2	1997	2	220	31	2	1.414213562	2	76.1	6900	45663	2243640	362750	3797	0
DD534	149	42.5667	2	1996	2	181	67	1	1	0	105.4	9000	23784	2162070	409570	4868	0
DD535	89	42.74	1	1996	1	188	13	0	0	0	105.4	9000	23784	2162070	409570	4868	21
DD537	300	42.35	4	1995	1	164	0	0	0	0	50.3	7600	8286	2314540	604710	3841	0
DD538	161	42.1917	2	1997	2	177	0	0	0	0	76.1	6900	45663	2243640	362750	3797	1
DD539	285	42.5139	4	1996	2	167	0	0	0	2	105.4	9000	23784	2162070	409570	4868	0
DD540	112	42.8	2	1996	1	NA	35	0	0	1	105.4	9000	23784	2162070	409570	4868	0
DD541	353	42.5722	4	1996	NA	205	29	0	0	1	105.4	9000	23784	2162070	409570	4868	0
DD542	235	42.55	3	1996	1	230	91	0	0	0	105.4	9000	23784	2162070	409570	4868	0
DD543	233	42.1472	3	1996	1	224	14	0	0	0	105.4	9000	23784	2162070	409570	4868	0
DD544	126	42.65	2	1997	1	187	21	0	0	0	76.1	6900	45663	2243640	362750	3797	0
DD545	53	42.8472	1	1996	1	NA	2	0	0	0	105.4	9000	23784	2162070	409570	4868	4
DD546	350	42.0833	4	1997	2	175	0	0	0	0	76.1	6900	45663	2243640	362750	3797	1
DD547	296	42.2306	4	1995	1	218	0	0	0	1	50.3	7600	8286	2314540	604710	3841	0
DD548	68	42.575	1	1997	1	171	0	0	0	0	76.1	6900	45663	2243640	362750	3797	0
DD549	270	42.3139	4	1997	1	NA	0	0	0	0	76.1	6900	45663	2243640	362750	3797	0
DD550	90	43.1597	2	1996	1	126	3	0	0	0	105.4	9000	23784	2162070	409570	4868	0
DD552	94	42.7917	2	1996	2	154	24	0	0	0	105.4	9000	23784	2162070	409570	4868	7
DD553	41	42.1472	1	1997	1	155	0	0	0	3	76.1	6900	45663	2243640	362750	3797	0
DD554	357	42.575	4	1997	2	NA	272	0	0	0	76.1	6900	45663	2243640	362750	3797	0
DD555	218	42.6139	3	1996	1	213	121	0	0	1	105.4	9000	23784	2162070	409570	4868	0
DD556	356	42.79	4	1995	1	160	0	0	0	0	50.3	7600	8286	2314540	604710	3841	4
DD557	175	43.1861	2	1997	2	200	280	0	0	0	76.1	6900	45663	2243640	362750	3797	0
DD558	45	42.6278	1	1997	1	192	0	1	1	0	76.1	6900	45663	2243640	362750	3797	0
DD559	94	42.7825	2	1996	1	NA	0	0	0	0	105.4	9000	23784	2162070	409570	4868	2
DD560	127	42.2772	2	1996	1	227	243	1	1	1	105.4	9000	23784	2162070	409570	4868	0
DD561	5	42.8917	1	1996	2	184	66	13	3.605551275	2	105.4	9000	23784	2162070	409570	4868	0
DD562	61	42.2667	1	1996	1	178	0	0	0	0	105.4	9000	23784	2162070	409570	4868	2
DD563	22	42.3236	1	1997	2	NA	0	0	0	0	76.1	6900	45663	2243640	362750	3797	2
DD564	89	42.2583	1	1996	2	NA	0	1	1	0	105.4	9000	23784	2162070	409570	4868	0
DD565	57	42.49	1	1997	NA	NA	0	0	0	0	76.1	6900	45663	2243640	362750	3797	0
DD566	137	42.175	2	1996	1	NA	0	0	0	1	105.4	9000	23784	2162070	409570	4868	25
DD567	61	42.2478	1	1996	1	193	0	0	0	1	105.4	9000	23784	2162070	409570	4868	18
DD568	110	43.3	2	1996	1	190	0	0	0	0	105.4	9000	23784	2162070	409570	4868	27
DD569	96	42.5833	2	1996	1	NA	0	0	0	1	105.4	9000	23784	2162070	409570	4868	9
DD570	161	42.55	2	1997	NA	184	0	0	0	0	76.1	6900	45663	2243640	362750	3797	22
DD571	94	42.7825	2	1996	1	NA	0	0	0	1	105.4	9000	23784	2162070	409570	4868	2
DD572	44	42.4492	1	1997	1	NA	0	0	0	0	76.1	6900	45663	2243640	362750	3797	116
DD573	30	42.575	1	1997	1	201	0	0	0	0	76.1	6900	45663	2243640	362750	3797	0
DD574	9	42.5667	1	1997	2	158	0	0	0	0	76.1	6900	45663	2243640	362750	3797	0
DD575	262	42.8486	3	1998	1	201	51	0	0	0	59.9	6400	28509	3218680	313530	3854	0
DD576	256	42.675	3	1998	NA	190	32	0	0	0	59.9	6400	28509	3218680	313530	3854	0
DD577	92	42.675	2	1998	1	NA	0	1	1	6	59.9	6400	28509	3218680	313530	3854	0
DD578	74	42.6472	1	1998	2	NA	0	0	0	0	59.9	6400	28509	3218680	313530	3854	0
DD579	84	42.2578	1	1998	1	NA	0	0	0	0	59.9	6400	28509	3218680	313530	3854	0
DD580	85	42.5667	1	1998	1	203	0	0	0	0	59.9	6400	28509	3218680	313530	3854	0
DD581	147	42.1239	2	1998	2	193	0	0	0	0	59.9	6400	28509	3218680	313530	3854	0
DD582	126	42.7778	2	1998	2	NA	0	4	2	1	59.9	6400	28509	3218680	313530	3854	0
DD583	92	42.5217	2	1998	1	187	0	0	0	31	59.9	6400	28509	3218680	313530	3854	1
DD584	152	42.4333	2	1998	2	203	119	0	0	13	59.9	6400	28509	3218680	313530	3854	0
DD6	99	41.9958	2	1992	2	161	0	0	0	0	51.2	15200	5703	2646350	493130	10368	0
DD601	360	42.4083	4	1996	1	182	0	0	0	0	105.4	9000	23784	2162070	409570	4868	17
DD602	26	42.35	1	1997	2	192	0	0	0	3	76.1	6900	45663	2243640	362750	3797	19
DD603	209	43.3111	3	1997	2	188	0	0	0	0	76.1	6900	45663	2243640	362750	3797	2
DD604	77	42.3944	1	1997	2	180	0	0	0	0	76.1	6900	45663	2243640	362750	3797	0
DD605	30	42.5722	1	1997	1	NA	0	0	0	0	76.1	6900	45663	2243640	362750	3797	0
DD606	17	42.4583	1	1997	2	163	0	0	0	0	76.1	6900	45663	2243640	362750	3797	0
DD607	93	42.45	2	1998	1	190	0	2	1.414213562	2	59.9	6400	28509	3218680	313530	3854	0
DD608	60	42.9139	1	1998	1	169	0	0	0	0	59.9	6400	28509	3218680	313530	3854	0
DD609	53	43.3389	1	1998	2	185	14	2	1.414213562	6	59.9	6400	28509	3218680	313530	3854	0
DD610	139	42.675	2	1998	2	NA	33	9	3	1	59.9	6400	28509	3218680	313530	3854	0
DD611	254	42.8333	3	1998	1	197	11	0	0	0	59.9	6400	28509	3218680	313530	3854	0
DD612	293	42.3889	4	1998	1	218	0	0	0	3	59.9	6400	28509	3218680	313530	3854	0
DD613	156	42.5	2	1998	2	203	0	0	0	2	59.9	6400	28509	3218680	313530	3854	0
DD614	69	42.1275	1	1998	1	NA	0	0	0	0	59.9	6400	28509	3218680	313530	3854	0
DD615	261	42.1861	3	1998	1	225	103	0	0	2	59.9	6400	28509	3218680	313530	3854	0
DD616	95	42.4333	2	1998	1	NA	1	0	0	0	59.9	6400	28509	3218680	313530	3854	1
DD617	88	42.2	1	1998	1	188	0	0	0	0	59.9	6400	28509	3218680	313530	3854	0
DD618	54	42.7825	1	1998	2	203	0	0	0	0	59.9	6400	28509	3218680	313530	3854	0
DD619	99	42.3889	2	1998	1	215	0	0	0	1	59.9	6400	28509	3218680	313530	3854	1
DD620	62	43.2111	1	1998	1	NA	0	0	0	0	59.9	6400	28509	3218680	313530	3854	0
DD622	284	42.2	4	1996	2	132	0	0	0	0	105.4	9000	23784	2162070	409570	4868	0
DD623	63	42.175	1	1999	2	164	0	0	0	0	65.7	8200	24032	3895670	313370	3741	0
DD624	263	42.3889	3	1998	1	217	95	0	0	0	59.9	6400	28509	3218680	313530	3854	0
DD625	153	42.3667	2	1998	2	206	0	0	0	0	59.9	6400	28509	3218680	313530	3854	18
DD626	94	42.45	2	1998	1	215	1	0	0	12	59.9	6400	28509	3218680	313530	3854	5
DD627	60	42.2583	1	1998	2	195	0	0	0	0	59.9	6400	28509	3218680	313530	3854	4
DD628	252	43.3778	3	1998	1	200	108	1	1	0	59.9	6400	28509	3218680	313530	3854	0
DD629	42	42.575	1	1998	NA	NA	0	1	1	0	59.9	6400	28509	3218680	313530	3854	0
DD630	67	42.25	1	1998	2	NA	32	1	1	7	59.9	6400	28509	3218680	313530	3854	0
DD631	38	42.3969	1	1998	1	183	0	0	0	0	59.9	6400	28509	3218680	313530	3854	17
DD632	34	42.8822	1	1998	2	154	35	0	0	0	59.9	6400	28509	3218680	313530	3854	0
DD633	143	42.4764	2	1998	1	178	0	0	0	11	59.9	6400	28509	3218680	313530	3854	1
DD634	97	42.4042	2	1998	1	211	1	1	1	96	59.9	6400	28509	3218680	313530	3854	7
DD635	66	42.1917	1	1998	2	162	0	0	0	1	59.9	6400	28509	3218680	313530	3854	24
DD636	74	42.1111	1	1998	1	184	0	5	2.236067977	17	59.9	6400	28509	3218680	313530	3854	21
DD637	43	43.3	1	1998	1	NA	0	0	0	3	59.9	6400	28509	3218680	313530	3854	0
DD638	62	43.2111	1	1998	2	NA	0	0	0	0	59.9	6400	28509	3218680	313530	3854	6
DD639	127	42.9139	2	1998	1	222	2	2	1.414213562	1	59.9	6400	28509	3218680	313530	3854	38
DD640	90	42.3889	2	1998	1	176	0	0	0	0	59.9	6400	28509	3218680	313530	3854	5
DD641	115	41.9	2	1998	2	167	2	0	0	3	59.9	6400	28509	3218680	313530	3854	0
DD642	110	42.9667	2	1998	1	NA	0	3	1.732050808	20	59.9	6400	28509	3218680	313530	3854	58
DD643	63	42.2667	1	1998	1	220	21	0	0	1	59.9	6400	28509	3218680	313530	3854	0
DD644	203	42	3	1998	1	193	8	9	3	22	59.9	6400	28509	3218680	313530	3854	0
DD645	139	42.7111	2	1998	2	NA	0	0	0	1	59.9	6400	28509	3218680	313530	3854	2
DD646	51	42.3969	1	1998	2	NA	0	1	1	14	59.9	6400	28509	3218680	313530	3854	36
DD647	93	42.4583	2	1998	1	NA	0	0	0	2	59.9	6400	28509	3218680	313530	3854	31
DD648	314	42.0417	4	1998	2	172	0	0	0	3	59.9	6400	28509	3218680	313530	3854	145
DD649	144	43.3028	2	1998	1	227	0	0	0	35	59.9	6400	28509	3218680	313530	3854	0
DD650	110	43.0444	2	1998	NA	178	28	1	1	0	59.9	6400	28509	3218680	313530	3854	0
DD651	107	42	2	1998	1	193	124	7	2.645751311	18	59.9	6400	28509	3218680	313530	3854	0
DD652	90	41.8833	1	1998	1	NA	0	0	0	13	59.9	6400	28509	3218680	313530	3854	16
DD653	184	43.2111	3	1998	1	227	14	0	0	2	59.9	6400	28509	3218680	313530	3854	0
DD654	90	42.2694	2	1998	1	182	0	0	0	5	59.9	6400	28509	3218680	313530	3854	7
DD655	22	42.9667	1	1998	1	176	1	4	2	0	59.9	6400	28509	3218680	313530	3854	0
DD656	165	42.675	2	1998	1	183	26	1	1	0	59.9	6400	28509	3218680	313530	3854	0
DD657	90	42.4583	2	1998	1	228	20	0	0	58	59.9	6400	28509	3218680	313530	3854	0
DD658	53	42.175	1	1998	1	161	21	0	0	0	59.9	6400	28509	3218680	313530	3854	0
DD659	22	42.9667	1	1998	1	NA	0	0	0	0	59.9	6400	28509	3218680	313530	3854	40
DD660	235	42.5722	3	1996	2	203	19	0	0	0	105.4	9000	23784	2162070	409570	4868	0
DD661	30	42.4625	1	1997	2	190	0	0	0	0	76.1	6900	45663	2243640	362750	3797	2
DD662	76	42.7675	1	1996	1	NA	0	0	0	1	105.4	9000	23784	2162070	409570	4868	23
DD663	34	42.3167	1	1996	1	NA	0	0	0	0	105.4	9000	23784	2162070	409570	4868	26
DD664	318	42.7694	4	1995	1	207	369	0	0	0	50.3	7600	8286	2314540	604710	3841	6
DD665	62	42.6075	1	1999	1	163	0	0	0	0	65.7	8200	24032	3895670	313370	3741	0
DD666	90	42.2597	1	1999	1	166	14	0	0	0	65.7	8200	24032	3895670	313370	3741	0
DD667	18	42.5847	1	1999	1	177	3	0	0	14	65.7	8200	24032	3895670	313370	3741	1
DD668	27	42.5681	1	1999	1	NA	2	0	0	0	65.7	8200	24032	3895670	313370	3741	0
DD669	60	42.33	1	1999	2	188	0	0	0	48	65.7	8200	24032	3895670	313370	3741	0
DD670	26	42	1	1999	1	178	0	0	0	0	65.7	8200	24032	3895670	313370	3741	0
DD671	149	42.5292	2	1999	2	193	82	5	2.236067977	0	65.7	8200	24032	3895670	313370	3741	0
DD672	83	42.2822	1	1999	1	177	0	0	0	0	65.7	8200	24032	3895670	313370	3741	1
DD673	74	42.175	1	1999	2	175	0	0	0	1	65.7	8200	24032	3895670	313370	3741	3
DD674	221	42.4333	3	1999	1	167	0	0	0	0	65.7	8200	24032	3895670	313370	3741	5
DD675	215	42.1056	3	1999	2	160	2	0	0	0	65.7	8200	24032	3895670	313370	3741	0
DD676	113	42.8333	2	1999	1	NA	60	0	0	0	65.7	8200	24032	3895670	313370	3741	0
DD677	186	42.1225	3	1999	1	190	179	1	1	1	65.7	8200	24032	3895670	313370	3741	0
DD678	277	43.0083	4	1999	1	233	9	0	0	0	65.7	8200	24032	3895670	313370	3741	0
DD679	169	42	2	1999	1	220	59	0	0	0	65.7	8200	24032	3895670	313370	3741	79
DD680	62	42.27	1	1999	2	179	0	0	0	1	65.7	8200	24032	3895670	313370	3741	3
DD681	65	42.4522	1	1999	1	150	0	0	0	0	65.7	8200	24032	3895670	313370	3741	0
DD682	56	42.1156	1	1999	1	184	0	0	0	0	65.7	8200	24032	3895670	313370	3741	23
DD683	51	43.3319	1	1999	2	NA	0	3	1.732050808	4	65.7	8200	24032	3895670	313370	3741	3
DD684	87	42.1472	1	1999	1	183	0	0	0	1	65.7	8200	24032	3895670	313370	3741	4
DD685	67	42.25	1	1999	1	NA	0	0	0	0	65.7	8200	24032	3895670	313370	3741	2
DD686	78	42.14	1	1999	2	176	0	0	0	0	65.7	8200	24032	3895670	313370	3741	1
DD687	54	42.7356	1	1999	2	NA	0	0	0	0	65.7	8200	24032	3895670	313370	3741	0
DD688	89	42.54	1	1999	2	212	0	0	0	0	65.7	8200	24032	3895670	313370	3741	0
DD689	5	42.5761	1	1999	2	162	0	0	0	2	65.7	8200	24032	3895670	313370	3741	6
DD690	50	43.2936	1	1999	1	185	0	0	0	2	65.7	8200	24032	3895670	313370	3741	0
DD691	52	42.175	1	1999	2	177	0	0	0	0	65.7	8200	24032	3895670	313370	3741	46
DD692	62	42.3333	1	1999	2	184	0	0	0	0	65.7	8200	24032	3895670	313370	3741	0
DD693	54	42.2594	1	1999	1	165	0	0	0	1	65.7	8200	24032	3895670	313370	3741	0
DD694	47	42.2417	1	1999	1	183	0	0	0	6	65.7	8200	24032	3895670	313370	3741	1
DD695	36	42.55	1	1999	1	NA	0	0	0	201	65.7	8200	24032	3895670	313370	3741	0
DD696	76	42.2808	1	1999	2	166	0	0	0	0	65.7	8200	24032	3895670	313370	3741	1
DD697	17	42.2167	1	1999	1	182	2	0	0	70	65.7	8200	24032	3895670	313370	3741	1
DD698	154	42.3783	2	1999	2	NA	233	0	0	3	65.7	8200	24032	3895670	313370	3741	9
DD699	148	42.4097	2	1999	1	139	5	0	0	1	65.7	8200	24032	3895670	313370	3741	0
DD7	38	42.1583	1	1992	2	186	0	0	0	0	51.2	15200	5703	2646350	493130	10368	26
DD701	226	42.7167	3	2001	2	191	76	0	0	0	49.7	10000	59293	4627040	290210	2736	0
DD702	35	42.4328	1	2001	2	191	0	0	0	0	49.7	10000	59293	4627040	290210	2736	0
DD703	193	42.3892	3	2001	1	214	1	0	0	0	49.7	10000	59293	4627040	290210	2736	0
DD704	192	42.5297	3	2001	1	214	34	1	1	0	49.7	10000	59293	4627040	290210	2736	0
DD705	238	42.27	3	2001	1	147	0	0	0	0	49.7	10000	59293	4627040	290210	2736	5
DD706	115	41.91	2	2001	1	178	0	0	0	0	49.7	10000	59293	4627040	290210	2736	2
DD707	226	42.2236	3	2001	1	NA	9	0	0	1	49.7	10000	59293	4627040	290210	2736	11
DD708	36	42.5722	1	2001	1	133	0	0	0	0	49.7	10000	59293	4627040	290210	2736	0
DD709	49	42.1056	1	2001	2	195	0	1	1	0	49.7	10000	59293	4627040	290210	2736	1
DD710	55	43.6922	1	2001	2	194	5	0	0	0	49.7	10000	59293	4627040	290210	2736	0
DD711	64	42.4492	1	2001	1	174	16	0	0	0	49.7	10000	59293	4627040	290210	2736	0
DD712	225	41.9658	3	2001	2	175	0	0	0	0	49.7	10000	59293	4627040	290210	2736	1
DD713	12	42.5167	1	2002	2	201	0	0	0	18	69.5	10400	54032	5646910	422540	3922	7
DD715	43	42.2594	1	2002	2	192	0	31	5.567764363	1	69.5	10400	54032	5646910	422540	3922	13
DD716	63	42.395	1	2002	2	167	4	0	0	6	69.5	10400	54032	5646910	422540	3922	1
DD717	77	42.4139	1	2002	2	150	0	0	0	3	69.5	10400	54032	5646910	422540	3922	0
DD718	355	42.575	4	2002	1	200	0	0	0	18	69.5	10400	54032	5646910	422540	3922	53
DD719	78	42.3969	1	2002	1	NA	0	0	0	0	69.5	10400	54032	5646910	422540	3922	1
DD720	149	42.7167	2	2002	2	219	19	4	2	0	69.5	10400	54032	5646910	422540	3922	0
DD721	138	42.6389	2	2002	1	195	33	6	2.449489743	0	69.5	10400	54032	5646910	422540	3922	0
DD722	142	42.5681	2	2002	1	187	377	7	2.645751311	0	69.5	10400	54032	5646910	422540	3922	0
DD723	88	42.2914	1	2002	1	NA	20	0	0	7	69.5	10400	54032	5646910	422540	3922	27
DD724	96	42.4583	2	2002	2	199	3	0	0	0	69.5	10400	54032	5646910	422540	3922	14
DD725	97	42.56	2	2002	2	172	39	0	0	0	69.5	10400	54032	5646910	422540	3922	0
DD726	144	42.6389	2	2002	1	186	250	18	4.242640687	0	69.5	10400	54032	5646910	422540	3922	0
DD727	142	42.8017	2	2002	1	205	82	4	2	0	69.5	10400	54032	5646910	422540	3922	0
DD728	76	42.3969	1	2002	2	158	0	0	0	4	69.5	10400	54032	5646910	422540	3922	12
DD729	73	42.2167	1	2002	2	188	10	0	0	0	69.5	10400	54032	5646910	422540	3922	1
DD730	76	42.3861	1	2002	2	149	0	0	0	0	69.5	10400	54032	5646910	422540	3922	0
DD731	77	42.6389	1	2002	1	172	0	5	2.236067977	7	69.5	10400	54032	5646910	422540	3922	0
DD732	70	42.1556	1	2002	1	231	0	0	0	1	69.5	10400	54032	5646910	422540	3922	0
DD733	78	42.4492	1	2002	1	174	0	0	0	1	69.5	10400	54032	5646910	422540	3922	53
DD734	69	42.3969	1	2003	2	180	90	12	3.464101615	0	60.3	10300	52785	6968500	430460	2736	4
DD735	108	42.7267	2	2003	1	166	11	0	0	0	60.3	10300	52785	6968500	430460	2736	3
DD736	125	42.1	2	2003	2	165	4	0	0	2	60.3	10300	52785	6968500	430460	2736	17
DD737	60	42.5681	1	2003	1	216	14	0	0	1	60.3	10300	52785	6968500	430460	2736	33
DD738	104	42.5297	2	2003	2	NA	6	4	2	3	60.3	10300	52785	6968500	430460	2736	24
DD739	122	42.2594	2	2003	1	194	0	0	0	0	60.3	10300	52785	6968500	430460	2736	4
DD740	62	42.7856	1	2003	2	NA	10	0	0	1	60.3	10300	52785	6968500	430460	2736	54
DD741	125	43.1856	2	2003	1	162	2	0	0	0	60.3	10300	52785	6968500	430460	2736	0
DD742	116	42.2583	2	2003	2	NA	0	0	0	1	60.3	10300	52785	6968500	430460	2736	7
DD743	16	42.27	1	2003	1	180	0	3	1.732050808	1	60.3	10300	52785	6968500	430460	2736	2
DD744	121	42.2306	2	2003	1	145	1	0	0	0	60.3	10300	52785	6968500	430460	2736	0
DD745	108	42.1861	2	2003	1	NA	21	0	0	1	60.3	10300	52785	6968500	430460	2736	1
DD746	117	42.4097	2	2003	2	155	0	0	0	0	60.3	10300	52785	6968500	430460	2736	0
DD747	110	42.575	2	2003	1	NA	0	0	0	0	60.3	10300	52785	6968500	430460	2736	1
DD748	104	42.9278	2	2003	1	180	86	0	0	0	60.3	10300	52785	6968500	430460	2736	0
DD749	113	42.2428	2	2003	2	142	0	9	3	0	60.3	10300	52785	6968500	430460	2736	0
DD750	74	42	1	2003	1	196	16	0	0	0	60.3	10300	52785	6968500	430460	2736	0
DD751	89	42.7589	1	2003	2	174	4	0	0	1	60.3	10300	52785	6968500	430460	2736	2
DD752	89	42.9358	1	2003	1	NA	0	0	0	0	60.3	10300	52785	6968500	430460	2736	0
DD753	264	42.2472	3	2000	1	133	0	0	0	0	68.4	9700	39002	4214660	250780	10382	4
DD754	63	43.4461	1	2000	1	122	0	0	0	0	68.4	9700	39002	4214660	250780	10382	0
DD755	87	42.4297	1	2000	NA	NA	0	0	0	1	68.4	9700	39002	4214660	250780	10382	0
DD756	110	42.5297	2	2000	1	211	4	2	1.414213562	1	68.4	9700	39002	4214660	250780	10382	0
DD757	70	42.7178	1	2000	NA	149	14	1	1	0	68.4	9700	39002	4214660	250780	10382	0
DD758	77	41.9	1	2000	2	194	0	0	0	0	68.4	9700	39002	4214660	250780	10382	2
DD759	87	42.4297	1	2000	NA	NA	0	0	0	0	68.4	9700	39002	4214660	250780	10382	0
DD760	130	42.4083	2	2000	2	NA	10	9	3	0	68.4	9700	39002	4214660	250780	10382	0
DD761	128	42.4083	2	2000	NA	NA	0	0	0	1	68.4	9700	39002	4214660	250780	10382	0
DD762	19	42.4222	1	2000	2	155	0	0	0	2	68.4	9700	39002	4214660	250780	10382	0
DD763	31	42.4492	1	2000	1	202	0	0	0	0	68.4	9700	39002	4214660	250780	10382	0
DD764	76	42.1861	1	2000	1	NA	0	0	0	0	68.4	9700	39002	4214660	250780	10382	0
DD765	68	42.1944	1	2000	1	194	0	0	0	1	68.4	9700	39002	4214660	250780	10382	0
DD766	21	42.8053	1	2000	2	181	40	5	2.236067977	0	68.4	9700	39002	4214660	250780	10382	0
DD767	40	42.4583	1	2000	2	NA	0	0	0	0	68.4	9700	39002	4214660	250780	10382	0
DD768	84	42.49	1	2000	NA	NA	11	0	0	1	68.4	9700	39002	4214660	250780	10382	0
DD769	41	42.55	1	2000	2	185	0	1	1	0	68.4	9700	39002	4214660	250780	10382	8
DD770	88	42.3	1	2000	1	186	0	0	0	0	68.4	9700	39002	4214660	250780	10382	0
DD771	148	42.1861	2	2000	2	180	0	0	0	0	68.4	9700	39002	4214660	250780	10382	26
DD772	53	42.4903	1	2000	NA	NA	0	0	0	1	68.4	9700	39002	4214660	250780	10382	4
DD773	327	43.1861	4	2000	1	234	45	0	0	0	68.4	9700	39002	4214660	250780	10382	0
DD775	224	42.9317	3	2000	1	214	98	0	0	2	68.4	9700	39002	4214660	250780	10382	0
DD776	68	42.1861	1	2000	2	NA	0	0	0	0	68.4	9700	39002	4214660	250780	10382	0
DD777	77	42.56	1	2000	2	191	0	0	0	1	68.4	9700	39002	4214660	250780	10382	0
DD778	171	41.9881	2	2000	2	NA	14	0	0	0	68.4	9700	39002	4214660	250780	10382	15
DD779	47	42.45	1	2000	NA	NA	0	1	1	0	68.4	9700	39002	4214660	250780	10382	7
DD780	85	42.0492	1	2000	2	152	0	0	0	0	68.4	9700	39002	4214660	250780	10382	0
DD781	25	42.395	1	2000	1	160	0	0	0	0	68.4	9700	39002	4214660	250780	10382	1
DD782	305	42.8053	4	2000	1	NA	71	1	1	218	68.4	9700	39002	4214660	250780	10382	0
DD783	77	41.9033	1	2000	2	180	0	0	0	3	68.4	9700	39002	4214660	250780	10382	0
DD784	38	42.2167	1	2000	2	177	0	0	0	0	68.4	9700	39002	4214660	250780	10382	0
DD785	64	42.25	1	2000	1	182	0	0	0	0	68.4	9700	39002	4214660	250780	10382	0
DD786	66	42.25	1	2000	2	130	0	0	0	19	68.4	9700	39002	4214660	250780	10382	4
DD787	117	42.2167	2	2000	1	194	2	6	2.449489743	0	68.4	9700	39002	4214660	250780	10382	0
DD788	63	42.2914	1	2000	1	178	0	0	0	0	68.4	9700	39002	4214660	250780	10382	0
DD789	48	42.2167	1	2000	1	207	2	0	0	0	68.4	9700	39002	4214660	250780	10382	24
DD790	38	42.7444	1	2000	1	203	0	0	0	5	68.4	9700	39002	4214660	250780	10382	0
DD791	76	42	1	2000	1	NA	0	3	1.732050808	19	68.4	9700	39002	4214660	250780	10382	47
DD792	43	43.2644	1	2000	1	180	8	2	1.414213562	0	68.4	9700	39002	4214660	250780	10382	0
DD793	19	42.4122	1	2000	1	182	0	1	1	0	68.4	9700	39002	4214660	250780	10382	0
DD794	43	42.575	1	1999	1	180	0	0	0	0	65.7	8200	24032	3895670	313370	3741	10
DD795	339	42.5564	4	1999	1	177	0	0	0	1	65.7	8200	24032	3895670	313370	3741	0
DD796	354	42.4667	4	1999	1	215	0	0	0	0	65.7	8200	24032	3895670	313370	3741	1
DD797	330	42.4333	4	1999	1	130	1	0	0	0	65.7	8200	24032	3895670	313370	3741	0
DD798	62	42.76	1	2003	2	192	28	8	2.828427125	0	60.3	10300	52785	6968500	430460	2736	0
DD799	135	42.45	2	2003	1	145	1	0	0	0	60.3	10300	52785	6968500	430460	2736	1
DD8	107	42.1153	2	1992	1	190	104	5	2.236067977	0	51.2	15200	5703	2646350	493130	10368	0
DD800	129	42.5664	2	2003	2	190	2	2	1.414213562	0	60.3	10300	52785	6968500	430460	2736	0
DD801	87	42.5722	1	2003	2	NA	88	0	0	0	60.3	10300	52785	6968500	430460	2736	1
DD802	119	42.5722	2	2003	1	195	150	0	0	1	60.3	10300	52785	6968500	430460	2736	6
DD803	118	42.5475	2	2003	2	NA	25	0	0	0	60.3	10300	52785	6968500	430460	2736	1
DD804	135	42.2	2	2003	1	166	0	0	0	0	60.3	10300	52785	6968500	430460	2736	55
DD805	319	42.5444	4	2003	1	134	0	0	0	1	60.3	10300	52785	6968500	430460	2736	0
DD806	207	42.8133	3	2003	2	183	2	0	0	2	60.3	10300	52785	6968500	430460	2736	0
DD807	180	42.5225	3	2003	1	192	73	0	0	0	60.3	10300	52785	6968500	430460	2736	0
DD808	300	42.4333	4	2003	2	180	6	0	0	14	60.3	10300	52785	6968500	430460	2736	0
DD809	276	42.2231	4	2003	2	198	0	0	0	0	60.3	10300	52785	6968500	430460	2736	0
DD810	144	42.2822	2	2003	2	NA	0	0	0	1	60.3	10300	52785	6968500	430460	2736	5
DD811	214	42.7711	3	2003	1	208	173	0	0	0	60.3	10300	52785	6968500	430460	2736	7
DD812	148	42.3389	2	2003	2	153	0	0	0	2	60.3	10300	52785	6968500	430460	2736	12
DD813	281	42.8036	4	2003	1	200	0	0	0	0	60.3	10300	52785	6968500	430460	2736	7
DD814	148	42.4522	2	2003	1	165	0	0	0	1	60.3	10300	52785	6968500	430460	2736	32
DD815	161	43.5797	2	2003	2	145	72	2	1.414213562	0	60.3	10300	52785	6968500	430460	2736	17
DD816	143	42.55	2	2003	1	NA	0	0	0	3	60.3	10300	52785	6968500	430460	2736	14
DD817	143	42.5422	2	2003	2	198	23	1	1	1	60.3	10300	52785	6968500	430460	2736	6
DD818	103	42	2	2002	2	159	1	4	2	0	69.5	10400	54032	5646910	422540	3922	0
DD819	96	42	2	2002	1	NA	0	0	0	1	69.5	10400	54032	5646910	422540	3922	10
DD820	331	42.4522	4	2002	1	198	47	0	0	1	69.5	10400	54032	5646910	422540	3922	11
DD821	96	42.25	2	2002	2	168	9	0	0	2	69.5	10400	54032	5646910	422540	3922	0
DD822	151	42.9139	2	2002	1	185	38	0	0	0	69.5	10400	54032	5646910	422540	3922	19
DD823	212	42.4522	3	2002	1	194	351	2	1.414213562	0	69.5	10400	54032	5646910	422540	3922	0
DD824	352	42.5258	4	2002	1	217	0	0	0	1	69.5	10400	54032	5646910	422540	3922	29
DD825	184	42.2	3	2002	1	195	1071	15	3.872983346	14	69.5	10400	54032	5646910	422540	3922	28
DD826	89	42.45	1	2002	2	NA	20	0	0	0	69.5	10400	54032	5646910	422540	3922	4
DD827	329	42.3969	4	2002	2	NA	0	0	0	0	69.5	10400	54032	5646910	422540	3922	0
DD828	211	42.5722	3	2001	2	201	6	0	0	0	49.7	10000	59293	4627040	290210	2736	0
DD829	70	42.6114	1	2001	1	171	3	0	0	0	49.7	10000	59293	4627040	290210	2736	0
DD830	229	42.3964	3	2001	2	NA	0	0	0	0	49.7	10000	59293	4627040	290210	2736	12
DD831	103	41.9042	2	2001	1	NA	2	0	0	0	49.7	10000	59293	4627040	290210	2736	1
DD832	67	42.3	1	2001	2	196	19	0	0	1	49.7	10000	59293	4627040	290210	2736	1
DD833	84	43.5472	1	2001	NA	181	0	0	0	6	49.7	10000	59293	4627040	290210	2736	44
DD834	65	42.2167	1	2001	1	NA	2	0	0	0	49.7	10000	59293	4627040	290210	2736	4
DD835	97	43.3533	2	2001	1	222	26	0	0	0	49.7	10000	59293	4627040	290210	2736	0
DD836	83	42.3969	1	2001	2	NA	11	0	0	0	49.7	10000	59293	4627040	290210	2736	0
DD837	12	42.4317	1	2001	2	202	0	0	0	0	49.7	10000	59293	4627040	290210	2736	0
DD838	243	42.1128	3	2001	1	196	8	0	0	0	49.7	10000	59293	4627040	290210	2736	27
DD839	102	43.88	2	2001	2	157	34	2	1.414213562	7	49.7	10000	59293	4627040	290210	2736	5
DD840	229	42.4583	3	2001	2	NA	65	0	0	0	49.7	10000	59293	4627040	290210	2736	63
DD841	92	42	2	2001	2	173	16	0	0	0	49.7	10000	59293	4627040	290210	2736	30
DD842	64	42.0419	1	2002	1	NA	127	0	0	1	69.5	10400	54032	5646910	422540	3922	0
DD843	224	42.4522	3	2001	1	NA	25	0	0	1	49.7	10000	59293	4627040	290210	2736	30
DD844	327	42.3889	4	2001	2	194	1	0	0	9	49.7	10000	59293	4627040	290210	2736	89
DD845	149	42.7961	2	2002	1	223	36	0	0	5	69.5	10400	54032	5646910	422540	3922	9
DD9	315	42.2033	4	1992	1	170	0	0	0	0	51.2	15200	5703	2646350	493130	10368	0
DDE901	248	42.3897	3	2003	1	182	0	0	0	0	60.3	10300	52785	6968500	430460	2736	0
DDE902	314	42.7961	4	2003	1	166	6	0	0	4	60.3	10300	52785	6968500	430460	2736	0
DDE903	345	42.9417	4	2003	1	200	9	0	0	10	60.3	10300	52785	6968500	430460	2736	9
DDE904	174	42.8056	2	2003	2	194	138	0	0	0	60.3	10300	52785	6968500	430460	2736	17
DDE905	231	42.1533	3	2003	1	188	220	0	0	0	60.3	10300	52785	6968500	430460	2736	0
DDE906	185	43.2939	3	2003	2	142	33	9	3	0	60.3	10300	52785	6968500	430460	2736	2
DDE907	229	42.5844	3	2003	2	NA	58	0	0	0	60.3	10300	52785	6968500	430460	2736	17
DDE908	272	42.175	4	2003	1	171	17	1	1	0	60.3	10300	52785	6968500	430460	2736	17
DDE909	300	42.4333	4	2003	1	154	38	0	0	1	60.3	10300	52785	6968500	430460	2736	10
DDE910	32	42.2167	1	2000	1	NA	0	0	0	0	68.4	9700	39002	4214660	250780	10382	0
DDE911	45	42.2881	1	2004	1	133	0	0	0	1	78.9	10400	44454	6988560	427990	11289	0
